### Internals Camera Parameters
### ImageName fx fy cx cy skew k1 k2 k3 p1 p2 imgW imgH
"IMG_6542.JPG" 3981.22705067361 3981.22705067361 2124.45286541574 1364.46314567214 0 0 0 0 0 0 4032 3024
"IMG_6543.JPG" 3981.22705067361 3981.22705067361 2124.45286541574 1364.46314567214 0 0 0 0 0 0 4032 3024
"IMG_6544.JPG" 3981.22705067361 3981.22705067361 2124.45286541574 1364.46314567214 0 0 0 0 0 0 4032 3024
"IMG_6545.JPG" 3981.22705067361 3981.22705067361 2124.45286541574 1364.46314567214 0 0 0 0 0 0 4032 3024
"IMG_6546.JPG" 3981.22705067361 3981.22705067361 2124.45286541574 1364.46314567214 0 0 0 0 0 0 4032 3024
"IMG_6547.JPG" 3981.22705067361 3981.22705067361 2124.45286541574 1364.46314567214 0 0 0 0 0 0 4032 3024
"IMG_6548.JPG" 3981.22705067361 3981.22705067361 2124.45286541574 1364.46314567214 0 0 0 0 0 0 4032 3024
"IMG_6549.JPG" 3981.22705067361 3981.22705067361 2124.45286541574 1364.46314567214 0 0 0 0 0 0 4032 3024
"IMG_6550.JPG" 3981.22705067361 3981.22705067361 2124.45286541574 1364.46314567214 0 0 0 0 0 0 4032 3024
"IMG_6551.JPG" 3981.22705067361 3981.22705067361 2124.45286541574 1364.46314567214 0 0 0 0 0 0 4032 3024
"IMG_6552.JPG" 3981.22705067361 3981.22705067361 2124.45286541574 1364.46314567214 0 0 0 0 0 0 4032 3024
"IMG_6553.JPG" 3981.22705067361 3981.22705067361 2124.45286541574 1364.46314567214 0 0 0 0 0 0 4032 3024
"IMG_6556.JPG" 3981.22705067361 3981.22705067361 2124.45286541574 1364.46314567214 0 0 0 0 0 0 4032 3024
"IMG_6558.JPG" 3981.22705067361 3981.22705067361 2124.45286541574 1364.46314567214 0 0 0 0 0 0 4032 3024
"IMG_6559.JPG" 3981.22705067361 3981.22705067361 2124.45286541574 1364.46314567214 0 0 0 0 0 0 4032 3024
"IMG_6560.JPG" 3981.22705067361 3981.22705067361 2124.45286541574 1364.46314567214 0 0 0 0 0 0 4032 3024
